 0 0.464846334828 0.469188846408 0.468605249614 0.448826143298 0.463782534372 0.468852244320 0.468463945666 0.436128317771 0.460502674436 0.471173994559 0.471977014558 0.471749549665 0.425197366002 0.467828652305 0.509654620984 0.456203817734 0.462315500698 0.456496764944 0.465449461437 0.466587934711 0.464962364900 0.511696060951 0.463527497978 0.461674463275 0.526884512168 0.476622812661 0.470885642600 0.467092263437 0.512834534225 0.510447301669 0.462653251599 0.468462796853 0.420983521432 0.462304012573 0.467554086097 0.462229339754 0.463061080068 0.453658049041 0.511199773914 0.479087015661 0.480559793398 0.470488153445 0.458587603853 0.515029915080 0.466652268216 0.470905172414 0.462873823616 0.528645641865 0.424034767664 0.476242555694 0.456353163370 0.470411183001 0.463805510624 0.477629172487 0.468257159400 0.472064324314 0.470894833101 0.462204065878 0.471323340196 0.511490423498 0.511180244100 0.481679885670 0.428402553121 0.463359771340 0.457605369091 0.482272672965 0.469844818396 0.471532424086 0.476887039556 0.470130872730 0.462402810455 0.509298489082 0.517594064775 0.479173176605 0.464749834571 0.465165704728 0.463306925961 0.464346601353 0.414667349827 0.461969708110 0.464548792368 0.464715370193 0.464461482612 0.461504439012 0.467574764723 0.466067522609 0.471417542828 0.463834230939 0.479935988163 0.468987804206 0.470415778252 0.470855773473 0.471159059996 0.468258308213 0.464417827733 0.462786513859 0.511096380781 0.472080407691 0.467668967355 0.510453045732 0.477331630027 0.473016689949 0.481450123153 0.464678608191 0.462162708624 0.479314480553 0.469562210499 0.466830334167 0.472041348063 0.469623097566 0.467721812734 0.464923305272 0.467851628557 0.463024318065 0.452545998456 0.474372288802 0.475850810602 0.511661596574 0.511883317403
 0.464846334828 0 0.467631056540 0.449167340637 0.453108916624 0.449557936916 0.452545998456 0.452984844864 0.455148058966 0.462784216234 0.452064645982 0.451688984266 0.459448064481 0.468401909786 0.453852198368 0.496815491508 0.459744458128 0.452925106610 0.493460958753 0.450459754797 0.451685537828 0.450795208073 0.498172239174 0.456926420851 0.452387462319 0.511387030365 0.462432679582 0.457929334240 0.452254200059 0.498701841776 0.496137692081 0.441806898390 0.451570656569 0.466692476656 0.449055905816 0.453150273877 0.450169105213 0.447542919638 0.458685252923 0.496995855084 0.468269796339 0.467212888758 0.455948781340 0.444140136755 0.501306199912 0.453764888611 0.459152819646 0.456075150724 0.514018960003 0.466752214911 0.463968642012 0.462021404676 0.456641515330 0.449511984413 0.463377003529 0.453816585178 0.457322761194 0.457766202853 0.456393371811 0.456319847805 0.498221638115 0.497936732593 0.471770228292 0.466138748989 0.456908039850 0.461116140357 0.463687182928 0.455229624660 0.456503657819 0.464819912139 0.456078597162 0.455730506948 0.496208918462 0.504651542166 0.467558681347 0.465289776487 0.462351113889 0.455350249982 0.444159666569 0.466669500404 0.449608484670 0.450836565326 0.452429968385 0.456585223513 0.455852281082 0.451787782148 0.446512434747 0.448510219837 0.460992068598 0.462393619954 0.454489789354 0.455297404603 0.456950545916 0.455668471068 0.454086556136 0.452936594736 0.455661578193 0.497032617087 0.471903490552 0.455636304316 0.497073974340 0.464602786560 0.451977336225 0.469516257996 0.445183258584 0.458415281965 0.470810969782 0.453763739799 0.454763206750 0.453207714506 0.457567458275 0.454556420484 0.455213541284 0.432344129108 0.464219083156 0.437696446952 0.458645044482 0.464066291082 0.498160751048 0.498612234395
 0.469188846408 0.467631056540 0 0.472672046173 0.455884447835 0.470061943975 0.473316530035 0.471832264172 0.456161311668 0.464633804500 0.475727887655 0.476409133520 0.474989201162 0.472636432983 0.473687596500 0.514962135137 0.459615791118 0.463140348136 0.497638041320 0.469624246379 0.471713936475 0.470306641056 0.515726095508 0.462865781928 0.463340241526 0.529214304095 0.481509861407 0.476544693405 0.470651284832 0.517291927064 0.515127564150 0.466644226527 0.472265366517 0.468996994706 0.467101453937 0.472473301595 0.467428865525 0.468409951474 0.461421724506 0.516066144034 0.485171127123 0.485141257996 0.475664702963 0.462932413058 0.519896285200 0.470218182487 0.476127674436 0.463195491140 0.533259273215 0.471071750239 0.479507481068 0.463510265789 0.475378648629 0.467249650761 0.483699498199 0.472505468348 0.476376966767 0.475101784795 0.463049591942 0.474907635468 0.517094331299 0.516301650614 0.486757637306 0.468172147269 0.464398297919 0.461692844276 0.486994292699 0.476229918756 0.476345948827 0.482010743695 0.476467722962 0.461637701272 0.514061466069 0.522834947798 0.483285925667 0.457103337990 0.463440188221 0.464389107419 0.468746553562 0.467184168443 0.467502389530 0.469711556136 0.471573781340 0.463939921697 0.461810023160 0.472987969635 0.470485855819 0.473696787001 0.462428084332 0.484526643262 0.474010412837 0.475369458128 0.476007049114 0.474384925741 0.472182652011 0.470191759797 0.462145476436 0.515149391589 0.467549490846 0.473548590177 0.516318882803 0.482041761635 0.477680869054 0.483292818543 0.471047625175 0.457958054555 0.480182982869 0.474111508345 0.468179040144 0.477410898096 0.476520568341 0.472749016616 0.464070886332 0.469740276450 0.463343687964 0.457214772811 0.479348944931 0.480466739578 0.517003575105 0.516653187266
 0.468605249614 0.449167340637 0.472672046173 0 0.457672000221 0.446235570914 0.451351233365 0.450802100948 0.456186585545 0.467450692964 0.441741416072 0.440166394015 0.453641965664 0.471965526432 0.451361572678 0.487795015072 0.461885844791 0.458682955297 0.498051613852 0.452286366811 0.447977170796 0.448198891626 0.489032286229 0.462341923388 0.457731738475 0.508480534520 0.457940822366 0.453664941916 0.451709662892 0.489557293581 0.487521597677 0.432540576061 0.449718770679 0.469440436365 0.448738833542 0.449662478862 0.451226012793 0.449672818175 0.461660677524 0.488811714212 0.472502021910 0.473404988604 0.451466114624 0.440280126461 0.492092722962 0.457284850379 0.463208128079 0.460362519300 0.511011368649 0.470580058452 0.468366296596 0.465286330049 0.458360138960 0.450931916771 0.460750817955 0.449779657746 0.454836730755 0.453984311815 0.460816300272 0.450913535769 0.489407947945 0.488992077788 0.475568202706 0.469495579369 0.461981196236 0.466265118374 0.452752784722 0.452782653849 0.454729891184 0.467997527755 0.454700022057 0.460406174178 0.487310216161 0.495888399750 0.470366379310 0.470064241600 0.467350746269 0.460349882362 0.428634613264 0.469449626866 0.451756764209 0.445391193662 0.455122785089 0.459659445997 0.459762839129 0.450002527388 0.433434352254 0.459348117785 0.467220930446 0.458393454525 0.452454093449 0.452730957283 0.454581694361 0.453255964635 0.451538489817 0.454905659510 0.458779455555 0.488246498419 0.477061659069 0.459029896699 0.488297046173 0.468462796853 0.442361774869 0.466462714139 0.434274134255 0.462865781928 0.469078560400 0.453651156165 0.459443469230 0.440396156533 0.459823726197 0.450262159032 0.462301714947 0.451196143666 0.468386975222 0.433889282038 0.457891423425 0.468417993162 0.488984036100 0.489031137416
 0.448826143298 0.453108916624 0.455884447835 0.457672000221 0 0.454345038968 0.458123483567 0.458548544225 0.439242748695 0.446224082788 0.460950711345 0.461094312918 0.461333265936 0.452386313506 0.458207346886 0.501156854275 0.441079700022 0.451336298802 0.478805556577 0.454587438424 0.456633473642 0.456124549665 0.502435482685 0.450496516800 0.450605653996 0.516982896478 0.466682137343 0.461841041100 0.457296338505 0.503282157562 0.501280926035 0.452664326152 0.459147075583 0.449514282038 0.452271432248 0.458576115727 0.451123768473 0.453042285494 0.438269704433 0.501946088523 0.469906854275 0.470577760826 0.461390706566 0.446781256893 0.505964634953 0.457092998677 0.461727308654 0.450228843467 0.519077181825 0.451049095655 0.466531642894 0.421933589442 0.460840425336 0.453267452761 0.468556999485 0.457197540622 0.461530861701 0.462629126535 0.450427588045 0.458662276671 0.502615846261 0.502043737593 0.472685831924 0.447949599294 0.451633841262 0.444673185795 0.471980460996 0.460432596868 0.462081142931 0.466123814425 0.462173047938 0.448684839350 0.500513519227 0.509133060069 0.469777038453 0.451675198515 0.450804398574 0.448208082126 0.454745974561 0.448510219837 0.454112978825 0.454828689067 0.455061898022 0.449870413940 0.447866884788 0.457629494155 0.456800051467 0.460192495037 0.451857859716 0.469664454819 0.458826556871 0.459369945225 0.461785898096 0.459644511433 0.457885679362 0.456172799794 0.448586041468 0.501606039997 0.458654234983 0.458367031836 0.502419399309 0.467363383207 0.462591215719 0.469855157709 0.455769566576 0.448201189251 0.467510431218 0.461137967796 0.454959653702 0.461880100728 0.460851913462 0.458888592751 0.449787699434 0.455776459452 0.448784786045 0.442756966400 0.465585021322 0.467603485038 0.501925409896 0.501880606205
 0.463782534372 0.449557936916 0.470061943975 0.446235570914 0.454345038968 0 0.419871470848 0.424023279538 0.453875174620 0.462239679068 0.449155852511 0.448823845673 0.458267085141 0.468401909786 0.420938717741 0.414739725020 0.460624448570 0.456378437247 0.494010091170 0.449209846702 0.441109569149 0.412087116756 0.416930510624 0.457066575987 0.454501277480 0.499430188957 0.431065500698 0.422975562459 0.447128198294 0.416917873686 0.414925832659 0.441381837733 0.443152157930 0.463535539666 0.445191300272 0.442604174325 0.429518050143 0.444153922506 0.456580628263 0.415515173517 0.466011230792 0.467794187927 0.442822448717 0.400701235203 0.419418838688 0.452503492390 0.456751801338 0.456061364973 0.501372831042 0.467117537313 0.462810638924 0.461731903904 0.454346187780 0.447246525991 0.433487197633 0.421868107124 0.426463357474 0.426720691493 0.455228475847 0.423192688038 0.416093026248 0.415576060584 0.470933892728 0.464539601868 0.456420943313 0.461008151974 0.458078679876 0.419490065069 0.423061723403 0.462848549739 0.426641423425 0.454995266892 0.413526578928 0.422109357768 0.466922239174 0.465085287846 0.461572218954 0.455244559224 0.441067063084 0.464776257260 0.446336666422 0.438647663775 0.451678644953 0.458177477759 0.455339910668 0.442496185942 0.442362923682 0.457719101537 0.460647424822 0.449163894199 0.423853255275 0.423868189839 0.426702310492 0.423770540769 0.420520549960 0.451732639144 0.455243410411 0.412043461878 0.472278003456 0.453777525550 0.414793719212 0.463736581869 0.450844607014 0.468123897140 0.442214726858 0.456825325344 0.470362932873 0.424822853099 0.457740928976 0.450634374311 0.458918461878 0.421976095508 0.458202751636 0.451370763179 0.463890522756 0.380765890376 0.429768491287 0.464406339607 0.415882793545 0.415792037350
 0.468852244320 0.452545998456 0.473316530035 0.451351233365 0.458123483567 0.419871470848 0 0.428792000588 0.456978117418 0.467396698772 0.454845921256 0.454780438938 0.462592364532 0.471610543342 0.425820022425 0.469006185207 0.462569388280 0.459849000074 0.497358879862 0.452802183663 0.446052909713 0.422926163517 0.469875836336 0.461065592603 0.458052257187 0.503206335931 0.435105874568 0.430175170943 0.451053690905 0.470782249467 0.468211206897 0.446839846335 0.447153472171 0.467548342034 0.451196143666 0.448358576575 0.433455030880 0.447344175061 0.461586004706 0.470707576649 0.471427882141 0.470956868980 0.446407892802 0.416422735461 0.473634751121 0.456134888979 0.462418893831 0.460600323506 0.506440243364 0.469374954047 0.466177808617 0.466224909933 0.457651321594 0.451185804353 0.430269373575 0.425717778105 0.429791467539 0.429669693405 0.460525650687 0.428250909860 0.470295152930 0.469766699140 0.474117252408 0.467853926182 0.460782984707 0.465204764356 0.464301797662 0.418248198662 0.428570279759 0.467132471877 0.429089543048 0.459488272921 0.468181337769 0.476750330858 0.470011396221 0.467981444379 0.466416761635 0.459085039703 0.447611848394 0.469786228954 0.449958872509 0.442092952724 0.455183672156 0.461852529226 0.459155117271 0.448804315859 0.449544151165 0.461527415264 0.464935942210 0.453059517683 0.426248529520 0.428283076612 0.428624273950 0.427760366885 0.424253042056 0.455187118594 0.459407856040 0.469232501287 0.475557863392 0.457985626057 0.469857455334 0.466669500404 0.455468577678 0.471900044114 0.448008188736 0.462841656863 0.474915677156 0.428688607455 0.461861719726 0.455065344460 0.461412534005 0.426958495699 0.460917395780 0.454930933387 0.467108346813 0.410344368061 0.433939829792 0.467293305639 0.469420906551 0.470240009926
 0.468463945666 0.452984844864 0.471832264172 0.450802100948 0.458548544225 0.424023279538 0.428792000588 0 0.457649023969 0.467706878171 0.453596013161 0.453797055364 0.462762388795 0.470870708036 0.426555262481 0.473171779649 0.464127178149 0.460462465995 0.497469165870 0.452135872362 0.446291862731 0.425832659363 0.474043728402 0.461637701272 0.459157414896 0.504745744798 0.436902617455 0.431866223072 0.452232372620 0.475349928314 0.473286660907 0.445560069113 0.446220636350 0.469198036909 0.450552808617 0.448390743328 0.434888748989 0.447415401441 0.462015660613 0.474489467686 0.472114872068 0.472693873612 0.446490607308 0.416744402985 0.477409749283 0.456157865230 0.462582025219 0.460728990515 0.506265623851 0.471151018307 0.469130256966 0.465163407102 0.459174647085 0.451790079774 0.438435133446 0.429883372546 0.431199911771 0.432036247335 0.461642296522 0.430663416293 0.474497509374 0.474267746857 0.475537184766 0.469016524520 0.461699737152 0.464630358062 0.465151918977 0.431167745019 0.432538278435 0.468685666495 0.430259034262 0.459683571061 0.473302744284 0.481244485700 0.471123446805 0.467705729358 0.466366213881 0.460208578413 0.447395871627 0.470700683773 0.451985377913 0.442315822366 0.456734569149 0.461013896037 0.459979964708 0.445959855893 0.449528067789 0.462602703845 0.465216252481 0.452269134622 0.429371002132 0.431042524447 0.430634695978 0.429472097640 0.427848825454 0.457257278877 0.459610047055 0.473735846629 0.475806006911 0.458362436586 0.474406753180 0.467358787957 0.455300851040 0.472474450408 0.448040355489 0.462212107566 0.473684150062 0.428860929343 0.462613043159 0.455527167120 0.462480929711 0.427516818616 0.460876038527 0.456428985001 0.469006185207 0.414144640100 0.434550998088 0.466652268216 0.473885192265 0.474724974267
 0.436128317771 0.455148058966 0.456161311668 0.456186585545 0.439242748695 0.453875174620 0.456978117418 0.457649023969 0 0.449111048820 0.461900779354 0.460560115065 0.461768665907 0.442447935814 0.457071171237 0.499804701860 0.442886782222 0.448697476289 0.467998676568 0.452911320859 0.457670851408 0.455406541798 0.500899520256 0.451487942063 0.449696943239 0.515407874421 0.465132389163 0.459296421219 0.457430749577 0.501916219396 0.499593320344 0.451603972134 0.458284317330 0.440237620396 0.450172551651 0.457995965370 0.451506323064 0.453142232189 0.441901101022 0.500180363576 0.468745404750 0.471509447835 0.460334947798 0.447326942872 0.503904813984 0.456391074186 0.460561263878 0.447454461069 0.518182256819 0.440494954415 0.465942302037 0.445965599956 0.459426237041 0.454477152415 0.467161192192 0.457051641423 0.460757710830 0.461589451143 0.450741213881 0.457928185428 0.501192467466 0.501031633703 0.472606563856 0.438606306522 0.450782571134 0.446546899125 0.469667901257 0.461079378355 0.461066741416 0.467046310933 0.461641147710 0.448805464672 0.498954580546 0.507355846997 0.469644925006 0.451768252334 0.454026817881 0.449309793398 0.451826841776 0.439683892728 0.453123851187 0.454039454819 0.454194544519 0.448823845673 0.448674500037 0.458361287773 0.455307743916 0.459777773693 0.450491921550 0.469454222116 0.457573202338 0.458803580619 0.461892737666 0.459418195353 0.457202135872 0.454092300199 0.446953578781 0.499929922432 0.459990304022 0.457770798103 0.500058589442 0.467438056025 0.462447614146 0.470177974046 0.454649474303 0.447267204617 0.467906771561 0.458648490920 0.453409905522 0.461221831115 0.461774409970 0.458446299904 0.450721684067 0.456069406661 0.450348319976 0.442264125800 0.463534390854 0.466896965297 0.500913306007 0.500962704948
 0.460502674436 0.462784216234 0.464633804500 0.467450692964 0.446224082788 0.462239679068 0.467396698772 0.467706878171 0.449111048820 0 0.471618585031 0.470863815161 0.470284813617 0.463674545989 0.467921706125 0.509354780898 0.433306834056 0.458174031321 0.487697366002 0.464644143813 0.467551788471 0.464611977061 0.511655852511 0.457842024483 0.458123483567 0.526207861554 0.476256341445 0.470516873759 0.465792956400 0.512024621351 0.510519676862 0.462911734431 0.467138215940 0.460899014778 0.461912267480 0.467350746269 0.461364283876 0.462708394603 0.450686070877 0.510748290567 0.479899226160 0.480232381810 0.468871774134 0.458476169032 0.515400981545 0.465518390192 0.470897130726 0.458943735755 0.528665171679 0.462868079553 0.476501038527 0.454192246894 0.469603567752 0.461258593118 0.477981857952 0.467123281376 0.470769612528 0.471509447835 0.459250468716 0.468500707669 0.510737951254 0.511549012940 0.482859716197 0.460418811117 0.459144777958 0.451784335711 0.481432890964 0.469156679656 0.470171081171 0.476476913462 0.470945380854 0.456567991324 0.510140568708 0.518213274759 0.479263932799 0.459873125138 0.460440638556 0.457354927946 0.463499926476 0.461742243217 0.463921540696 0.465604551136 0.465256460922 0.458263638703 0.457011432983 0.468012462319 0.466188147930 0.468583422175 0.459736416440 0.478942265275 0.466314517315 0.469764401515 0.470551338137 0.469609311815 0.467724110360 0.464306392912 0.456970075730 0.510831005073 0.468269796339 0.467447246526 0.510835600324 0.477279933461 0.472089598191 0.479675207705 0.464631506874 0.455790245203 0.477204111830 0.469494430557 0.463038103816 0.471674876847 0.470662772958 0.468187081832 0.458663425483 0.463985874200 0.457897167488 0.450543618116 0.473817412323 0.477140927138 0.510787350195 0.511048130652
 0.471173994559 0.452064645982 0.475727887655 0.441741416072 0.460950711345 0.449155852511 0.454845921256 0.453596013161 0.461900779354 0.471618585031 0 0.421047854937 0.449811824498 0.474405604367 0.455007903831 0.491080619072 0.467009548930 0.462781918609 0.499958642747 0.456061364973 0.449764723182 0.450011717888 0.491883639071 0.464258142784 0.461858273289 0.511109017719 0.462223595691 0.458540502537 0.453697108668 0.492707337696 0.491275917212 0.433935234542 0.452133574737 0.471825371296 0.453444369899 0.453398417396 0.453709745607 0.450718237630 0.465881414969 0.491869853320 0.475374053378 0.472899511065 0.453448965150 0.442518013381 0.495104909565 0.459394070289 0.465825123153 0.463928433571 0.514685271304 0.474476830748 0.470105598853 0.468778720315 0.460476251746 0.453725828983 0.463751516433 0.455011350268 0.458349799647 0.458228025513 0.464467226675 0.456423240938 0.492201860157 0.492312146166 0.477790006250 0.472652516359 0.464963513712 0.468296219028 0.441666743254 0.455372077421 0.458314186457 0.470088366664 0.456882765973 0.463351729652 0.490692320418 0.499006277112 0.472765099993 0.472584736416 0.469165870157 0.464391405044 0.434307449820 0.472500873098 0.454610414675 0.446896138152 0.458047661937 0.464829102640 0.463457420410 0.450850351077 0.439853916991 0.462734817293 0.468974018455 0.461458486508 0.453623584663 0.457958054555 0.458722014925 0.455227327035 0.454973439453 0.459498612234 0.464084672083 0.490946207999 0.479053700096 0.460888675465 0.491789436438 0.470627159768 0.421235111389 0.461015044850 0.434834754797 0.466075564297 0.470468623631 0.455840792956 0.465906688846 0.423915291155 0.465301264613 0.454126764576 0.464813019263 0.453408756709 0.471024648923 0.436242050217 0.460283251232 0.471333679509 0.492228282847 0.492833707080
 0.471977014558 0.451688984266 0.476409133520 0.440166394015 0.461094312918 0.448823845673 0.454780438938 0.453797055364 0.460560115065 0.470863815161 0.421047854937 0 0.449449948533 0.475854257040 0.453975121315 0.490355718330 0.465374788618 0.463297735461 0.499755302919 0.456002775531 0.450193230277 0.453013565179 0.490896809058 0.465518390192 0.461464230571 0.512304931623 0.461751433718 0.457535291523 0.454796522315 0.492258151974 0.490298277700 0.435027755312 0.449915217631 0.473076428204 0.453096279685 0.451910705095 0.452725213220 0.450179444526 0.466760256599 0.491234559959 0.474557247629 0.474368842365 0.453560399971 0.442174518418 0.494855617234 0.460282102419 0.465580426072 0.463954856261 0.513227428130 0.473292404970 0.470770761341 0.469386442173 0.461203450114 0.454620753989 0.464214487905 0.454399033159 0.458435960591 0.457840875671 0.465568937946 0.457074617675 0.492262747224 0.491304637527 0.476385008455 0.472274557018 0.465051972281 0.468563892361 0.437640155136 0.456216454672 0.458094763253 0.470406587751 0.457972989118 0.464032975517 0.489730764282 0.498621424895 0.473372821851 0.473371673039 0.469858604147 0.463792873686 0.434591206529 0.472148187633 0.454747123373 0.448358576575 0.458476169032 0.465085287846 0.462642912286 0.450529832365 0.438775181972 0.463243741269 0.469703514447 0.461689397838 0.454867748695 0.458131525255 0.458465829718 0.456443919565 0.453692513418 0.459538820675 0.463683736490 0.491301191089 0.479047956033 0.462231637380 0.491103595324 0.470414629439 0.419124742666 0.462686567164 0.433776698405 0.466079010735 0.470240009926 0.456246323800 0.465496562753 0.416047073745 0.466396083009 0.455157249467 0.464060547019 0.454965397765 0.470446796191 0.436293746783 0.460355626425 0.470817862657 0.491048452320 0.491192053893
 0.471749549665 0.459448064481 0.474989201162 0.453641965664 0.461333265936 0.458267085141 0.462592364532 0.462762388795 0.461768665907 0.470284813617 0.449811824498 0.449449948533 0 0.476299996324 0.463167919638 0.502484881626 0.466516708330 0.460823193148 0.502733025145 0.461866314977 0.460943818469 0.460797919271 0.503437247261 0.459310206970 0.459375689288 0.521518408573 0.471265899566 0.466973935740 0.462668186163 0.504676816043 0.503073073671 0.447352216749 0.461361986251 0.474287276671 0.461089717668 0.462851996177 0.458365883023 0.458414133152 0.464338559665 0.503774998162 0.481172110507 0.479246700610 0.464304095287 0.452502343578 0.506720553636 0.464734900007 0.470244605176 0.458247555327 0.522769465480 0.475020219102 0.476000156239 0.469774740828 0.467230120947 0.460321162047 0.473508381737 0.463640081612 0.465567789133 0.466700518344 0.457855810235 0.465362151680 0.504359743769 0.503750873098 0.482664418057 0.473182118962 0.458699038674 0.468947595765 0.442559370635 0.465110561723 0.467179573193 0.476741140357 0.466432845011 0.457183754871 0.501979404088 0.510585159179 0.478673443129 0.471113107492 0.466694774281 0.455252600912 0.449633758547 0.474078192780 0.462009916550 0.458318781707 0.464640697375 0.458805878244 0.456142930667 0.461202301301 0.451816502463 0.467510431218 0.466399529446 0.473007499449 0.463017425189 0.465458651937 0.466778637600 0.465531027130 0.463227657893 0.465473586501 0.458249852952 0.502814590839 0.478815895890 0.467872307183 0.502513601941 0.477755541872 0.445239550401 0.438189287552 0.450386230792 0.463974386075 0.441345075730 0.464683203441 0.463242592456 0.449999080950 0.471577227777 0.463713605617 0.459761690317 0.460098292405 0.470621415705 0.447352216749 0.470276771929 0.476782497610 0.504034629807 0.504497601279
 0.425197366002 0.468401909786 0.472636432983 0.471965526432 0.452386313506 0.468401909786 0.471610543342 0.470870708036 0.442447935814 0.463674545989 0.474405604367 0.475854257040 0.476299996324 0 0.472121764944 0.514292377399 0.458755330490 0.466247886185 0.458041917874 0.468042331446 0.471271643629 0.470112491729 0.515809958827 0.466453523638 0.465071502095 0.530702016396 0.480745901037 0.474259705169 0.470319277994 0.516210894420 0.514990855452 0.465165704728 0.471237179252 0.404058065583 0.466224909933 0.471615138593 0.466414464010 0.466853310418 0.456342824057 0.515237850158 0.482387554224 0.483984403720 0.475240791118 0.462145476436 0.518985276818 0.470412331814 0.474104615469 0.466861352106 0.532398812587 0.421726803176 0.480542561209 0.459366498787 0.473001755386 0.465860736343 0.481697117859 0.471061410926 0.475413113006 0.475695720903 0.467554086097 0.473709423939 0.516323478053 0.515500928241 0.486722024116 0.430450885964 0.467627610102 0.461027681788 0.485446842144 0.473963311521 0.475768096096 0.479767112712 0.475205177928 0.466447779575 0.514120055511 0.522374273950 0.483183681347 0.468565041173 0.469488686494 0.465980212852 0.466355874568 0.424320821998 0.466669500404 0.468540916109 0.470005652158 0.466459267701 0.465383979119 0.471826520109 0.469912598338 0.474132186972 0.467376020146 0.483103264466 0.471883960738 0.472960398132 0.475240791118 0.474059811779 0.471172845747 0.468929214764 0.466751066098 0.515157433277 0.475075362106 0.471950591868 0.515616958312 0.481349027645 0.475834727226 0.485260734505 0.467402442835 0.467411633336 0.483387021175 0.474638813323 0.471672579222 0.475594625395 0.474865129402 0.471649602970 0.467100305125 0.470258390927 0.464872757518 0.456448514815 0.479979643041 0.480327733255 0.515368814793 0.515409023234
 0.467828652305 0.453852198368 0.473687596500 0.451361572678 0.458207346886 0.420938717741 0.425820022425 0.426555262481 0.457071171237 0.467921706125 0.455007903831 0.453975121315 0.463167919638 0.472121764944 0 0.464501691052 0.462733668480 0.459680124623 0.497674803323 0.451013482465 0.446639952945 0.419795649217 0.465980212852 0.461540052202 0.458935694067 0.503740533784 0.436267324094 0.424721757591 0.451238649732 0.466574148960 0.464586703184 0.444531881847 0.445929986766 0.468068754136 0.451153637600 0.449503942725 0.432465903242 0.447915134917 0.461665272774 0.464753281009 0.472127509007 0.470944232042 0.447125900669 0.411169215499 0.468831565694 0.457335398132 0.462877270054 0.461860570914 0.505191484082 0.470161890670 0.466914197485 0.465906688846 0.457758161165 0.450465498860 0.438346674877 0.427632848688 0.428889649658 0.426716096243 0.461719266966 0.425575325344 0.466206528932 0.465050823469 0.474724974267 0.469134852217 0.462399364017 0.466315666127 0.464031826704 0.429817890229 0.424732096905 0.469215269098 0.428042974781 0.460550924564 0.463483843100 0.472282598706 0.471400310639 0.467994081318 0.466868244982 0.461317182560 0.447408508566 0.469435841115 0.449976104698 0.442087208661 0.456283085803 0.461832999412 0.459638767370 0.446383767738 0.449979551136 0.461264337181 0.465761938460 0.453125000000 0.427609872436 0.427640890376 0.429238888685 0.426210618705 0.421228218513 0.455960269465 0.459935161018 0.465065758032 0.474214901478 0.457858107860 0.465819379090 0.466686732593 0.456094680538 0.472935124256 0.449167340637 0.461563028454 0.475015623851 0.425698248291 0.463218467392 0.456435877877 0.464021487391 0.429271055437 0.461244807367 0.455074534961 0.468000974193 0.408093844203 0.425324884200 0.468192825895 0.465550556944 0.465921623410
 0.509654620984 0.496815491508 0.514962135137 0.487795015072 0.501156854275 0.414739725020 0.469006185207 0.473171779649 0.499804701860 0.509354780898 0.491080619072 0.490355718330 0.502484881626 0.514292377399 0.464501691052 0 0.504791697302 0.501993189839 0.540327917065 0.496352520035 0.486294665833 0.436889980516 0.152933378060 0.503503878391 0.501825463201 0.539824737152 0.478743520697 0.472057431439 0.494335205132 0.154136184839 0.151089533858 0.482022231821 0.487160870524 0.511730525329 0.492912975149 0.487559508492 0.476578008970 0.491455131976 0.505005376443 0.154217750533 0.513663976913 0.514821980001 0.487019566576 0.392801999853 0.156292506066 0.500215976766 0.504151808691 0.503105240423 0.542665750680 0.512153288361 0.510431218293 0.508954994118 0.502311410926 0.496946456143 0.480712585472 0.471880514300 0.475363714065 0.475308571061 0.503081115359 0.472945463569 0.152693276230 0.152539335343 0.516337263804 0.511503060437 0.504983549004 0.508024455922 0.486401505404 0.465607997574 0.473701382251 0.509143399382 0.476807771487 0.501924261084 0.158239743401 0.158459166605 0.513766221234 0.509744228366 0.509307679582 0.502189636791 0.482736793250 0.512201538490 0.495848191309 0.481590278288 0.499161366811 0.504152957503 0.501487712301 0.486130385633 0.486697899052 0.506056539960 0.509030815749 0.494330609882 0.472556016102 0.471771377105 0.475981775237 0.473169482023 0.451857859716 0.499401468642 0.501710581943 0.158930179766 0.517603255275 0.503011037791 0.151375588192 0.510366884788 0.493070362473 0.509366269024 0.485109091243 0.504011653555 0.514617491361 0.473720912065 0.505853200132 0.490178801191 0.505358061907 0.470345700684 0.504617077788 0.498134328358 0.510095765017 0.311963504522 0.475865745166 0.510370331226 0.151501957577 0.152580692596
 0.456203817734 0.459744458128 0.459615791118 0.461885844791 0.441079700022 0.460624448570 0.462569388280 0.464127178149 0.442886782222 0.433306834056 0.467009548930 0.465374788618 0.466516708330 0.458755330490 0.462733668480 0.504791697302 0 0.452942338799 0.483221592162 0.460816300272 0.461554986766 0.461319480185 0.506513767370 0.454427753474 0.454550676421 0.521228907801 0.471736912727 0.466376553195 0.460492335122 0.507865919785 0.506039307771 0.457261874127 0.464093862584 0.457052790236 0.457473255643 0.462675079038 0.457743226601 0.457495083082 0.444385982648 0.505601610176 0.476641193662 0.475274106683 0.466268564811 0.454112978825 0.509886681126 0.460727841703 0.466239844497 0.454571355047 0.523325490773 0.456273895302 0.471430179766 0.449406293655 0.464142112712 0.458568074039 0.472894915815 0.463290842585 0.467003804867 0.466172064554 0.455445601426 0.465580426072 0.506418415925 0.506315022792 0.477692357180 0.458072935814 0.455450196677 0.448735387104 0.476892783619 0.465657396515 0.467434609588 0.471484173958 0.466035355856 0.452223182119 0.504844542681 0.512694379090 0.474797349460 0.455071088523 0.454829837880 0.452738998971 0.458270531579 0.457535291523 0.458595645541 0.459557201676 0.460980580472 0.454550676421 0.452163443864 0.463359771340 0.460772645394 0.465192127417 0.453661495478 0.475017921476 0.463368961841 0.465732069333 0.466537386957 0.465891754283 0.462692311227 0.460912800529 0.452737850158 0.505888813323 0.463924987133 0.462546412029 0.505840563194 0.472912148004 0.468548957797 0.474831813837 0.459266552092 0.451316768988 0.471512894272 0.465774575399 0.459224046026 0.467045162120 0.467158894567 0.462909436806 0.455531762370 0.461943285420 0.452185271304 0.447685372399 0.469803461143 0.471918425116 0.505868134696 0.506393142048
 0.462315500698 0.452925106610 0.463140348136 0.458682955297 0.451336298802 0.456378437247 0.459849000074 0.460462465995 0.448697476289 0.458174031321 0.462781918609 0.463297735461 0.460823193148 0.466247886185 0.459680124623 0.501993189839 0.452942338799 0 0.491764162562 0.454610414675 0.458818515183 0.457992518932 0.503724450408 0.447355663187 0.434471730020 0.517564195647 0.467628758915 0.462266101757 0.459368796412 0.504603292037 0.502434333873 0.454490938166 0.459284933093 0.462819829424 0.453305363576 0.461326373061 0.454110681200 0.455289362914 0.453817733990 0.503492390265 0.473013243512 0.472298682082 0.463008234689 0.450227694655 0.506647029630 0.458827705683 0.464068588707 0.443469230204 0.519883648261 0.464439655172 0.468395016911 0.457824792295 0.461963964047 0.454384098596 0.468706345122 0.459469891920 0.462378685391 0.464198404529 0.445529051173 0.460948413720 0.503289050437 0.503341895816 0.475374053378 0.464237464157 0.444851251746 0.454801117565 0.473319976472 0.462390173517 0.463445932284 0.469735681200 0.464043314830 0.444082696125 0.501908177708 0.509769502242 0.472860451437 0.459487124109 0.454138252702 0.444573239100 0.453895853246 0.464506286302 0.455620220940 0.456744908463 0.457713357474 0.445075270201 0.444464101904 0.458985093008 0.456200371296 0.456739164400 0.454564462172 0.471327935446 0.459996048085 0.461286164620 0.463690629365 0.462415447394 0.460507269686 0.458805878244 0.442083762223 0.502966234100 0.465416145872 0.460719800015 0.502878924344 0.470099854790 0.463620551798 0.466015826042 0.457396285200 0.453019309242 0.463165622013 0.461466528196 0.446506690685 0.464111094772 0.465182936916 0.460223512977 0.445911605764 0.455990138593 0.457230856187 0.445628997868 0.467443800088 0.469687431071 0.503421163885 0.503893325858
 0.456496764944 0.493460958753 0.497638041320 0.498051613852 0.478805556577 0.494010091170 0.497358879862 0.497469165870 0.467998676568 0.487697366002 0.499958642747 0.499755302919 0.502733025145 0.458041917874 0.497674803323 0.540327917065 0.483221592162 0.491764162562 0 0.493756203588 0.496725884126 0.495332374458 0.541958082126 0.491723954121 0.490833624366 0.555630100728 0.506096748401 0.500256185207 0.496074507389 0.543383758547 0.540697834718 0.492258151974 0.497771303581 0.456054472098 0.491175970517 0.496853402323 0.490391331520 0.491926145136 0.480988300493 0.540800079038 0.508845856922 0.509183607823 0.500184958827 0.486747297993 0.544970268730 0.496089441953 0.501169491214 0.491943377325 0.557000634145 0.458577264539 0.503533747519 0.485441098081 0.499487629586 0.492620027939 0.507424775752 0.497910309904 0.499700159915 0.500881139254 0.491746930373 0.497782791706 0.541883409308 0.540849477980 0.512263574370 0.456989605544 0.492259300787 0.487106876333 0.511206666789 0.499890862804 0.500117178884 0.503849670980 0.500820252187 0.490038646055 0.539652415264 0.548779731270 0.508895255864 0.491707870745 0.493506911257 0.491703275494 0.493404666936 0.456247472612 0.491783692376 0.494560372399 0.494754521726 0.492545355121 0.491065684508 0.498365239688 0.496012471509 0.498653591648 0.493611453202 0.508656302845 0.496727032939 0.499110819057 0.499507159400 0.498528371076 0.497651827072 0.495403600838 0.490606159474 0.540995377178 0.499975874936 0.497471463495 0.540912662672 0.507010054408 0.501109752959 0.511346821925 0.493945757665 0.488245349607 0.509296191457 0.499881672304 0.495015302184 0.502326345489 0.500870799941 0.497944774281 0.492467235865 0.495340416146 0.491076023822 0.481330646644 0.503140853614 0.505683175869 0.541402056834 0.542485387104
 0.465449461437 0.450459754797 0.469624246379 0.452286366811 0.454587438424 0.449209846702 0.452802183663 0.452135872362 0.452911320859 0.464644143813 0.456061364973 0.456002775531 0.461866314977 0.468042331446 0.451013482465 0.496352520035 0.460816300272 0.454610414675 0.493756203588 0 0.451259328358 0.450647011249 0.498449103007 0.459815684508 0.455405392986 0.510234771340 0.459782368943 0.452969910301 0.446853632086 0.499392278141 0.497050998088 0.445709414749 0.450395421293 0.466176659804 0.432890963900 0.452434563635 0.449283370708 0.441551861995 0.459120652893 0.498060804353 0.463388491655 0.464734900007 0.453068708183 0.441646064628 0.501045419454 0.447654354459 0.453435179399 0.455903977649 0.512710462466 0.468281284464 0.458852979560 0.463405723844 0.439199093817 0.429928176237 0.461753731343 0.452331170502 0.455609881626 0.456122252040 0.458117739504 0.452771165723 0.498114798544 0.498645549960 0.465335728991 0.467084221748 0.459091932578 0.462686567164 0.466459267701 0.455295106977 0.455776459452 0.460127012720 0.454478301228 0.457411219763 0.496115864642 0.504195463569 0.462160410999 0.466010081979 0.462359155577 0.457662809720 0.445969046394 0.465774575399 0.409141561282 0.448845673112 0.446595149254 0.454435795162 0.456011966032 0.449300602897 0.451055988530 0.459296421219 0.460892121903 0.461376920815 0.453769483861 0.452605736711 0.455375523859 0.455164142342 0.451284602235 0.446150558782 0.455692596133 0.497270421293 0.471194673186 0.448997316374 0.497899970590 0.459317099846 0.456275044114 0.471936806117 0.449609633483 0.458836896184 0.472153931696 0.452117491361 0.457590434527 0.456885063598 0.455562780310 0.453066410558 0.458330269833 0.452614927211 0.464217934343 0.438304168811 0.458301549518 0.458879402250 0.497626553195 0.498271037056
 0.466587934711 0.451685537828 0.471713936475 0.447977170796 0.456633473642 0.441109569149 0.446052909713 0.446291862731 0.457670851408 0.467551788471 0.449764723182 0.450193230277 0.460943818469 0.471271643629 0.446639952945 0.486294665833 0.461554986766 0.458818515183 0.496725884126 0.451259328358 0 0.443842594295 0.487575591868 0.460623299757 0.457607666716 0.503878391295 0.453968228439 0.449954277259 0.448584892655 0.487889217705 0.485963807808 0.443509438644 0.438198478053 0.468388124035 0.447907093228 0.438289234247 0.445693331373 0.445197044335 0.460704865451 0.487394079479 0.471311852070 0.471151018307 0.445441741416 0.434765826042 0.490723338357 0.454785034189 0.461080527167 0.459330885597 0.505924426513 0.470049307036 0.464956620837 0.464656780751 0.456885063598 0.448737684729 0.455229624660 0.447403913315 0.447861140725 0.448587190280 0.460756562017 0.447933515918 0.487799610323 0.487098834645 0.472057431439 0.468096325638 0.460418811117 0.464020338578 0.461676760900 0.448249439379 0.450697559003 0.464739495258 0.449413186530 0.457775393353 0.485743235791 0.493907846849 0.468431778913 0.466286945813 0.464623465186 0.458886295125 0.443991939931 0.468372040659 0.449525770164 0.437797542460 0.453886662745 0.460433745680 0.459268849717 0.439376010955 0.445306181531 0.460280953606 0.463494182413 0.455206648408 0.446291862731 0.448494136461 0.449428121094 0.447413103816 0.445185556209 0.454623051614 0.460295888170 0.486635863172 0.475611857584 0.457483594956 0.486943744945 0.467920557312 0.453355911330 0.469683984633 0.444266506139 0.461590599956 0.472587034042 0.447493520697 0.462618787222 0.452320831189 0.460664657011 0.446220636350 0.462184536064 0.454435795162 0.467088816999 0.428570279759 0.452848136166 0.467282966326 0.487159721712 0.487854753327
 0.464962364900 0.450795208073 0.470306641056 0.448198891626 0.456124549665 0.412087116756 0.422926163517 0.425832659363 0.455406541798 0.464611977061 0.450011717888 0.453013565179 0.460797919271 0.470112491729 0.419795649217 0.436889980516 0.461319480185 0.457992518932 0.495332374458 0.450647011249 0.443842594295 0 0.436852069701 0.459252766341 0.456708146460 0.500658269613 0.434003014484 0.424764263657 0.449456841409 0.439529951842 0.436175419087 0.442839680906 0.444430786339 0.466868244982 0.448974340122 0.445353282847 0.429500817955 0.445163728770 0.458805878244 0.437339166238 0.468220397397 0.469833330270 0.444075803250 0.401858089479 0.441497867804 0.454400181972 0.459597410117 0.458792092493 0.503938129549 0.467867711933 0.464286863098 0.464692393942 0.455558185060 0.447780723844 0.433800823469 0.424982538049 0.427728200132 0.424796430410 0.458924205941 0.423145586722 0.437733208955 0.437462089185 0.471321042570 0.467412782148 0.460197090287 0.463281652084 0.460655466510 0.424403536505 0.423005431586 0.466422505698 0.426286440335 0.457300933755 0.434955380119 0.444898353062 0.468743107124 0.465497711565 0.463788278435 0.457796071980 0.444172303507 0.465712539519 0.449864669877 0.439094551871 0.452454093449 0.459692761562 0.455593798250 0.444147029630 0.445743879127 0.459955839644 0.462835912801 0.450302367473 0.426076207632 0.425218044629 0.426089993383 0.425839552239 0.417504916918 0.453542018969 0.457815601794 0.435627435483 0.473765715756 0.455543250496 0.437433368870 0.466317963753 0.452702236968 0.469512811558 0.445223467024 0.459778922506 0.472693873612 0.424302440997 0.460862252776 0.452186420116 0.460252233292 0.424794132784 0.459318248658 0.452415033821 0.465784914712 0.396505771634 0.427653527314 0.466103135799 0.437465535622 0.437910126094
